160
2 98 403
2 442 310
2 268 404
2 74 306
2 67 452
2 64 225
2 197 113
2 38 6
2 5 412
2 438 25
2 34 142
2 397 418
2 337 222
2 53 223
2 483 419
2 84 206
2 471 219
2 202 308
2 260 475
2 338 350
2 208 303
2 311 235
2 288 169
2 101 207
2 42 156
2 409 323
2 75 9
2 365 99
2 393 373
2 390 200
2 133 484
2 292 8
2 280 41
2 480 162
2 294 144
2 266 468
2 192 1
2 214 446
2 434 174
2 259 290
3 499 427 491
3 302 79 332
3 376 132 88
3 356 196 27
3 349 71 83
3 327 191 164
3 139 450 364
3 298 212 93
3 106 395 385
3 291 39 425
3 318 355 173
3 297 478 90
3 377 335 472
3 265 120 383
3 392 325 229
3 348 331 402
3 103 399 40
3 129 21 313
3 97 110 0
3 243 155 189
3 44 171 193
3 317 51 381
3 49 181 16
3 333 436 228
3 167 248 187
3 194 170 401
3 3 209 246
3 60 182 429
3 408 230 307
3 148 216 175
3 72 145 274
3 238 372 105
3 481 86 198
3 326 449 199
3 443 256 55
3 284 242 457
3 493 188 466
3 314 241 57
3 210 151 245
3 281 410 20
3 426 366 400
3 405 201 420
3 22 140 32
3 58 69 59
3 382 453 65
3 82 359 287
3 227 431 387
3 315 321 312
3 168 13 464
3 296 128 380
3 300 150 52
3 329 267 36
3 185 26 388
3 66 125 35
3 141 269 37
3 497 421 2
3 161 81 94
3 28 299 270
3 147 473 424
3 374 239 423
4 107 272 398 118
4 176 384 95 102
4 12 237 396 159
4 203 253 160 283
4 231 226 435 330
4 362 11 18 158
4 264 14 286 119
4 447 24 4 282
4 415 463 354 467
4 322 360 109 275
4 136 406 361 249
4 304 85 305 458
4 320 334 336 441
4 432 23 7 309
4 121 341 451 258
4 30 152 116 448
4 17 386 368 460
4 73 215 77 407
4 217 91 411 195
4 112 379 352 479
4 391 440 149 279
4 50 363 45 61
4 19 345 179 252
4 494 273 455 277
4 184 220 205 461
4 295 469 347 445
4 104 122 221 490
4 134 488 213 261
4 344 319 389 257
4 234 143 371 130
4 43 370 180 68
4 301 233 351 157
4 416 204 87 340
4 135 111 439 131
4 166 115 89 477
4 346 190 48 244
4 92 316 146 489
4 56 127 186 153
4 218 367 154 33
4 375 163 240 328
4 70 285 251 470
4 76 138 263 474
4 498 358 54 454
4 47 293 211 178
4 63 495 250 29
4 342 428 183 339
4 31 78 456 324
4 369 417 394 224
4 177 437 433 496
4 465 357 462 80
4 430 124 236 232
4 343 459 492 172
4 137 487 486 485
4 422 100 262 114
4 126 165 271 96
4 276 414 378 247
4 278 123 108 10
4 353 255 117 413
4 46 62 482 254
4 476 444 15 289
