1627
2 8148 5820
2 499 8578
2 6301 5491
2 6644 4802
2 9165 8450
2 2336 2122
2 4045 6023
2 3076 93
2 944 913
2 2171 1763
2 5353 5153
2 948 1253
2 5613 8038
2 8465 2177
2 1310 6616
2 5612 3016
2 4767 5580
2 3972 8018
2 2777 4768
2 5425 7598
2 4206 1169
2 5805 9153
2 5496 1462
2 2680 4411
2 4380 430
2 3526 3312
2 7396 8818
2 8941 1648
2 7365 4678
2 4490 3725
2 6271 4738
2 413 1407
2 1211 2447
2 9079 3991
2 7282 1831
2 3772 8974
2 6052 9602
2 9329 3686
2 9629 5952
2 1959 2433
2 4579 7188
2 4799 7276
2 6304 8551
2 86 2914
2 5087 4558
2 1882 433
2 6954 1139
2 8326 579
2 7834 8834
2 1302 9010
2 3216 9249
2 273 801
2 4442 7793
2 684 7167
2 3510 8930
2 61 7035
2 9170 3331
2 5873 1289
2 3108 4417
2 2237 7879
2 9872 5214
2 6166 8390
2 5522 2099
2 7387 1314
2 9635 3154
2 626 2655
2 697 929
2 2623 7909
2 5901 4899
2 6432 6397
2 3104 3620
2 285 4016
2 7213 3393
2 172 6469
2 721 7494
2 4698 8014
2 3302 6778
2 8665 4260
2 9969 5870
2 2894 7247
2 121 1110
2 9410 7635
2 978 2266
2 6602 9504
2 8596 7784
2 488 3032
2 1569 2607
2 6208 3134
2 3735 3273
2 6514 1059
2 267 7908
2 664 1079
2 5473 8063
2 1299 6178
2 1717 4303
2 4459 767
2 6281 4528
2 8398 4317
2 7483 5065
2 7096 1738
2 3356 3716
2 5551 2999
2 4634 404
2 3036 5937
2 559 423
2 3079 3305
2 1619 7695
2 727 931
2 8957 627
2 8303 5323
2 3169 2157
2 1244 722
2 3193 3418
2 2591 4403
2 7257 4642
2 2948 1354
2 6780 125
2 6174 9245
2 9309 4451
2 4700 8196
2 5379 372
2 4367 7344
2 194 9217
2 7603 7781
2 3923 511
2 4454 6059
2 7321 8943
2 953 2640
2 4757 6393
2 334 6637
2 4288 5059
2 9459 1479
2 9420 6139
2 5180 1189
2 9411 1263
2 1748 2556
2 2932 8887
2 4110 2982
2 7972 8099
2 5720 7819
2 6844 1285
2 9315 1774
2 503 303
2 8950 8540
2 2606 7378
2 2976 2580
2 6841 6916
2 5748 9006
2 9711 7055
2 2377 3676
2 3094 7596
2 6042 1160
2 3248 6457
2 414 1668
2 6670 4062
2 2387 4450
2 5423 1224
2 9883 6412
2 5534 7277
2 833 3365
2 8287 612
2 3010 7963
2 1158 7711
2 7547 6760
2 5738 3837
2 312 6707
2 7537 5006
2 7644 1295
2 9337 1437
2 4264 2709
2 1530 7433
2 6584 7613
2 9330 8601
2 9539 1449
2 5303 907
2 3099 5603
2 9159 5883
2 5529 6711
2 2200 9835
2 8013 8500
2 5406 5056
2 9286 7700
2 4049 7746
2 4557 8936
2 1497 9677
2 5972 9583
2 6323 8967
2 1955 1320
2 2884 219
2 396 3140
2 2483 9529
2 2490 7593
2 735 4631
2 6621 5305
2 5759 6956
2 8747 7306
2 7766 463
2 215 3560
2 9031 2698
2 5231 3992
2 9209 3374
2 1598 3926
2 4141 3497
2 6033 455
2 7263 9076
2 6814 1903
2 8539 8407
2 8521 482
2 8016 4786
2 3791 112
2 6092 4999
2 5067 406
2 7958 5616
2 4108 8363
2 7876 2994
2 1764 1150
2 6262 2109
2 6321 9373
2 1453 8366
2 6513 2926
2 4598 7844
2 8277 5375
2 9643 1434
2 4789 1525
2 5515 5641
2 7594 2217
2 6847 5599
2 6241 6601
2 3264 6248
2 1257 4092
2 3869 5494
2 9965 37
2 7663 8178
2 4186 2265
2 8269 1199
2 6163 6098
2 2713 6046
2 1356 7465
2 7042 4821
2 1351 8705
2 6416 8125
2 5676 1702
2 8531 8115
2 3499 9071
2 1415 4963
2 7910 1771
2 4174 5381
2 2018 986
2 2201 3541
2 542 6604
2 2486 3868
2 6043 7349
2 8360 9613
2 9557 9932
2 5871 774
2 465 7469
2 8265 16
2 9184 1996
2 1736 5895
2 5832 7039
2 4637 9526
2 9871 6661
2 4672 6633
2 9848 9346
2 5849 8198
2 101 3544
2 6685 7477
2 472 7498
2 4170 762
2 6365 5100
2 8537 104
2 8797 3556
2 118 8082
2 640 6295
2 9096 6019
2 7957 6286
2 6415 3670
2 816 7094
2 8436 1728
2 8955 9746
2 7310 6334
2 9102 1785
2 384 8603
2 2120 9506
2 484 1912
2 2129 633
2 8211 859
2 3388 5315
2 2592 5184
2 8724 4723
2 7725 1781
2 8981 6713
2 6891 5248
2 7570 9025
2 647 9606
2 8648 6063
2 4896 26
2 8455 4150
2 9056 1858
2 9408 7927
2 7456 3572
2 1543 9911
2 1042 6016
2 7798 8402
2 8810 1463
2 2149 5272
2 9759 5650
2 9391 3630
2 5040 3613
2 1954 8415
2 7095 4707
2 7561 2164
2 1920 8922
2 1151 4205
2 2418 5076
2 2714 1442
2 1346 1662
2 7704 8878
2 3494 5410
2 4198 9077
2 8141 9572
2 1709 3362
2 3490 3625
2 4125 1754
2 4357 731
2 3262 4549
2 4684 6498
2 8197 9121
2 9374 3274
2 9760 450
2 7762 3826
2 4473 5903
2 4667 3000
2 1436 1660
2 6337 8101
2 4433 3473
2 9018 9283
2 2589 8012
2 4959 9866
2 2618 6370
2 7219 5841
2 8191 7187
2 9464 1838
2 5891 1109
2 1090 6508
2 4022 2030
2 6797 6095
2 7801 30
2 2283 3641
2 495 3726
2 9977 5176
2 3399 8668
2 1727 1245
2 5851 8785
2 7248 3390
2 8898 4268
2 2980 9034
2 6440 4980
2 1544 5902
2 1866 5148
2 5541 7538
2 147 5099
2 2961 4027
2 429 1639
2 7319 7478
2 9877 3785
2 9766 5768
2 4583 5868
2 875 9984
2 7278 7500
2 3706 8023
2 4064 8669
2 163 6573
2 7461 8854
2 3371 6434
2 2163 8499
2 1393 8044
2 6564 6608
2 7108 7105
2 8732 8444
2 8104 1575
2 2619 5718
2 6264 9226
2 3757 9434
2 2402 8928
2 8819 705
2 491 1067
2 6456 2092
2 5441 4720
2 1511 7241
2 367 9204
2 5026 5684
2 6172 9492
2 8906 5651
2 6430 8763
2 3195 9393
2 1166 7915
2 6880 9111
2 4439 315
2 105 3752
2 4745 5147
2 9654 3776
2 9721 5488
2 1300 4324
2 3102 8629
2 5501 3281
2 4234 5190
2 2225 4760
2 6885 27
2 1880 5307
2 8864 4263
2 2317 49
2 2712 6287
2 5601 5265
2 9402 6609
2 8900 2037
2 4761 5874
2 1515 9873
2 5760 7121
2 3034 7518
2 7931 9129
2 3125 383
2 4481 8204
2 4142 6345
2 8098 4287
2 8425 760
2 632 6329
2 2358 9936
2 1696 3238
2 6180 6706
2 9098 9847
2 3783 643
2 2756 1182
2 7966 4687
2 5649 4696
2 4516 201
2 9615 5783
2 3440 1588
2 1549 1951
2 1242 9223
2 9003 8663
2 6134 4182
2 8096 3137
2 7442 7281
2 8232 2292
2 7141 3934
2 764 9051
2 1798 3042
2 9670 7937
2 1472 2783
2 4949 1304
2 4258 4887
2 6943 2130
2 8912 800
2 1024 8437
2 5326 6761
2 5017 699
2 7912 7066
2 6735 7267
2 376 7359
2 6654 1891
2 3168 8979
2 8910 8917
2 1510 1323
2 8652 8952
2 3595 7245
2 3584 195
2 8831 5070
2 397 7517
2 2882 4701
2 5592 3469
2 8782 6403
2 9369 7229
2 4512 3946
2 209 9991
2 1274 6385
2 6085 5376
2 5526 5227
2 223 8015
2 2807 3240
2 6786 8507
2 2430 5730
2 6660 2549
2 1952 5206
2 6039 3538
2 4775 528
2 6253 6102
2 7900 6782
2 6625 7589
2 9341 3736
2 21 8054
2 5360 4636
2 4609 4382
2 1917 3127
2 5411 1349
2 1421 3669
2 8836 3244
2 3349 9497
2 2819 4269
2 7268 9425
2 652 5848
2 1447 1008
2 9687 290
2 3514 8856
3 5818 3635 9698
3 114 7895 7083
3 9120 9743 9080
3 8621 2508 3366
3 5260 4675 1651
3 67 4699 4629
3 4839 6116 3378
3 773 496 6311
3 4575 9596 792
3 9914 4834 9636
3 4619 9248 703
3 1799 3782 1033
3 7831 4107 3452
3 2705 9230 6899
3 47 4936 7633
3 2356 3761 1707
3 9656 9854 3600
3 4550 9190 3126
3 8519 4485 6207
3 4235 318 6076
3 3932 1776 2162
3 8877 5770 983
3 8753 8915 5962
3 8734 3769 5527
3 6056 3122 8239
3 7181 9841 2874
3 5236 3138 7575
3 1290 3395 3876
3 7568 7112 1985
3 3492 715 2372
3 7580 5963 4613
3 9502 1808 6519
3 8169 6160 1563
3 2823 8534 8872
3 9157 8526 7955
3 2985 1751 4161
3 3100 7898 2688
3 5884 3575 2630
3 3608 374 4985
3 7347 6667 4670
3 8029 4783 4058
3 3343 1483 231
3 1868 3704 2112
3 8791 6731 2314
3 2523 6688 252
3 6944 505 8399
3 9825 9365 7961
3 3536 3053 4283
3 4299 3341 9904
3 902 5826 6437
3 1826 8027 1601
3 2510 3684 7519
3 5794 3506 6049
3 4196 8523 1968
3 141 4944 2859
3 8997 3892 8462
3 1389 6772 793
3 7651 6029 5291
3 9033 119 7421
3 9535 6087 4502
3 2055 1987 8190
3 4363 2116 9433
3 8497 1850 5130
3 7350 5053 9094
3 2923 1432 9758
3 214 4868 6697
3 4626 3160 6458
3 7843 3644 7232
3 8270 1157 924
3 4954 3197 8330
3 1228 6140 7826
3 776 4048 6377
3 2889 5905 2658
3 8017 1790 8291
3 4295 2649 4413
3 784 8068 1465
3 9478 9456 287
3 5088 437 1887
3 3441 2277 9431
3 9543 4801 3225
3 6275 5839 1513
3 9197 2415 9519
3 6958 6149 5174
3 3943 8995 4627
3 4803 807 3451
3 6061 3489 9729
3 9161 6712 713
3 573 8464 4913
3 6675 2779 5977
3 1279 5358 5577
3 5293 8472 7723
3 9531 8639 7244
3 602 256 1276
3 7265 2969 202
3 1672 4615 1904
3 4607 9035 4891
3 8932 3874 68
3 9600 1203 3476
3 5124 415 4309
3 5451 9271 7675
3 1576 7431 1072
3 8075 8843 6468
3 733 7329 8296
3 6079 2855 4912
3 7472 8097 1047
3 1386 675 470
3 4276 6427 7712
3 5417 3998 7270
3 4329 4836 2505
3 7243 1469 2132
3 427 7280 352
3 2081 3250 6506
3 566 9523 7901
3 4790 9176 1666
3 124 4207 316
3 8736 5427 9522
3 7356 3047 4648
3 2063 9985 4455
3 5095 4577 9798
3 9279 3424 5658
3 4527 8322 604
3 9384 4864 304
3 4873 6683 6173
3 1884 3555 5621
3 7859 5332 6970
3 6302 4600 2858
3 1617 1535 5810
3 9857 2868 4968
3 958 775 6856
3 4252 6244 1028
3 855 5391 2601
3 8183 2051 3121
3 2952 1809 6091
3 8263 9140 8311
3 4774 839 3698
3 4545 8909 9714
3 819 7285 8062
3 3213 8142 1842
3 5668 8790 7551
3 5528 7168 8285
3 48 175 6461
3 6985 1206 7938
3 4996 7812 6593
3 7668 8002 5400
3 3185 5413 4191
3 1724 1086 6045
3 1682 7283 5043
3 5506 1568 5890
3 8560 2174 9726
3 2263 3902 1817
3 6992 3030 8286
3 6547 1006 4104
3 8112 2475 6065
3 963 9216 818
3 4662 4682 9128
3 5169 2605 3487
3 3031 940 8128
3 7358 5983 4227
3 8606 7698 8591
3 4379 984 281
3 9448 1893 3687
3 7134 4321 3401
3 1112 7621 4878
3 6344 4443 9343
3 5120 1966 8833
3 6745 3368 2652
3 3049 2477 8698
3 7129 7085 3415
3 205 7856 1025
3 7412 8347 8403
3 2189 8319 1384
3 5932 2243 1536
3 547 9514 3124
3 1134 1701 1852
3 2809 4270 9830
3 7389 1417 2557
3 9704 8650 9171
3 5681 6156 514
3 1019 9260 8651
3 3887 9938 4006
3 5061 2634 4253
3 8511 7600 2570
3 1420 2331 227
3 1287 6852 9917
3 3397 5009 7689
3 6863 1207 4177
3 5705 6727 7516
3 9088 5378 7724
3 2899 1100 8502
3 8824 9809 7934
3 3889 665 2955
3 6742 6081 3841
3 8408 7804 3665
3 2291 2479 8853
3 8842 3254 5723
3 9678 895 2906
3 3199 5118 1029
3 7430 5258 5685
3 1960 9059 2965
3 5617 8641 3509
3 4183 7007 695
3 3221 8847 2706
3 5161 7119 8806
3 2322 9692 7667
3 6186 3587 6800
3 3754 3799 8261
3 1397 548 2521
3 8257 2133 1634
3 187 1630 3408
3 2307 6876 9136
3 8659 7419 8989
3 9633 9452 5574
3 6840 7476 9638
3 5262 3335 6920
3 7155 5207 2478
3 4759 2403 7544
3 8161 3276 4542
3 9624 3531 2461
3 3422 1540 1600
3 7854 3175 2929
3 9052 6123 979
3 7284 3385 6182
3 2438 7688 390
3 6789 7685 1834
3 2004 8309 6520
3 2770 7190 3313
3 4132 2836 5492
3 2996 7231 3573
3 9718 5827 6445
3 922 3023 806
3 8996 3592 4771
3 5352 3400 6651
3 4734 5624 1703
3 6120 651 4879
3 7848 5739 6535
3 3602 8092 6317
3 7304 750 561
3 6420 131 9028
3 6647 1270 8602
3 9254 5909 7683
3 8714 7049 3707
3 2604 5769 2790
3 1001 2711 5605
3 4820 8477 5920
3 8501 8467 7050
3 1679 3455 7170
3 2600 7627 1945
3 8937 3504 4167
3 4972 1729 8702
3 9888 8031 5951
3 955 3818 827
3 3044 3363 3296
3 6998 4960 294
3 3649 903 4750
3 1631 1352 6145
3 7868 4564 4030
3 536 9701 4193
3 2338 7732 4251
3 7186 9417 3781
3 749 9800 5461
3 4818 393 6668
3 7591 5572 1797
3 6034 6769 8110
3 2627 2065 1869
3 8786 4503 1196
3 8274 6395 4548
3 1760 8430 40
3 5482 2173 9536
3 8143 7980 7061
3 4496 2886 7799
3 4060 8691 5117
3 2762 9840 8919
3 7022 6450 7441
3 177 2986 2072
3 4465 2808 3085
3 1106 2014 7942
3 2987 6803 4908
3 4248 2306 2896
3 6496 2865 1111
3 7068 3433 8337
3 5446 6509 2867
3 2350 8574 1843
3 743 7808 6250
3 9699 8637 3386
3 6280 211 6681
3 8152 7765 289
3 7861 2145 3789
3 8114 2078 9956
3 9981 6051 740
3 1385 2502 2410
3 1441 2128 186
3 8486 2573 9282
3 88 4297 607
3 8318 4744 2311
3 9454 9460 6995
3 7705 9957 5037
3 8452 4888 8683
3 8587 4567 4025
3 9213 5343 1845
3 6306 8259 7925
3 5858 9212 5968
3 8147 7954 3024
3 5824 8821 1637
3 3413 9069 9482
3 3547 1034 8844
3 6931 6759 7415
3 513 8642 4387
3 5158 1800 6314
3 8231 5146 3147
3 10 4397 3330
3 3944 5593 5023
3 2400 1440 4941
3 8951 420 5182
3 332 3733 7200
3 3714 8151 909
3 5970 4323 9381
3 6757 7242 5960
3 4447 4250 9270
3 7206 5325 1643
3 3456 8025 1358
3 1249 9043 6851
3 2659 9672 570
3 599 123 2576
3 8302 7031 5553
3 434 6652 6465
3 9345 3321 1066
3 4070 2271 259
3 7951 8755 7409
3 9589 5982 4857
3 3205 1044 1803
3 2891 8313 9395
3 6486 5242 94
3 2022 2118 9897
3 4319 4159 9124
3 5252 763 351
3 9999 9836 752
3 405 7172 1628
3 7400 4130 44
3 7582 9400 8970
3 7315 3196 8273
3 4571 4336 1975
3 2491 346 6883
3 7488 1163 9350
3 4666 4764 1089
3 8674 5693 4334
3 769 336 4729
3 4781 4071 2722
3 7584 2446 1921
3 2715 9750 2791
3 1266 1018 5213
3 7778 7414 4921
3 9106 381 3629
3 6530 8607 2450
3 2294 1992 645
3 8431 5384 6017
3 82 1214 1330
3 233 772 8891
3 1915 9898 810
3 2608 2686 1114
3 6702 6265 8380
3 4267 5436 6975
3 6100 3898 1586
3 5975 8350 9937
3 6389 8200 3143
3 8496 9114 987
3 7896 1464 1976
3 3093 6037 8921
3 8009 3344 2238
3 7926 2593 6763
3 3516 2215 3718
3 7303 8792 7292
3 9576 2838 6821
3 2245 9208 1655
3 9134 452 4085
3 7976 9882 451
3 6630 6739 9289
3 6339 5732 6225
3 443 3208 754
3 729 8826 6400
3 8504 3696 7987
3 5706 5954 9155
3 4314 1794 7550
3 611 3090 2232
3 8034 8820 9982
3 2898 692 5843
3 1645 8929 2647
3 1956 8297 2768
3 2797 5111 1116
3 9078 5107 9513
3 8061 63 3217
3 6585 2585 9297
3 1282 8649 563
3 6894 2147 6834
3 7665 7458 2917
3 9386 6842 4365
3 5509 7486 2456
3 439 4519 1886
3 2935 9860 3530
3 1292 9862 5741
3 3311 8271 6539
3 5735 4256 4372
3 5798 1664 8416
3 524 2460 9590
3 7291 6492 3667
3 6607 6426 4019
3 1267 5439 3512
3 1317 657 3977
3 1131 4657 7204
3 5380 7047 6419
3 4080 1644 3565
3 3973 2462 8428
3 882 7337 9445
3 8370 6316 6705
3 2329 6027 144
3 2069 4979 3777
3 8126 6378 7845
3 3067 2723 9194
3 4552 860 858
3 7111 6077 1539
3 3013 921 920
3 143 1635 2468
3 6133 578 5416
3 531 9396 4529
3 7327 8749 2901
3 9823 6474 5907
3 6242 1213 8275
3 5915 2019 7973
3 2086 9066 7081
3 1609 2295 2432
3 13 4257 9189
3 5988 2553 1989
3 6909 4606 1328
3 5485 6864 1254
3 7743 7768 8632
3 8242 2002 2388
3 8723 9002 6518
3 5893 638 4975
3 7659 2697 3885
3 7916 4772 8849
3 4228 4827 8163
3 4521 7082 9742
3 78 4997 9032
3 5611 2588 6687
3 527 1419 1742
3 2328 5814 2973
3 1906 1750 1373
3 1007 1839 5844
3 9905 8636 8316
3 8556 5014 5172
3 9268 768 3577
3 2690 6318 6099
3 9734 5576 7800
3 8903 6374 5999
3 4115 69 2008
3 1550 892 9196
3 6438 544 5308
3 4515 9941 2946
3 4785 5717 8913
3 6190 3355 712
3 3151 164 6332
3 362 7482 8935
3 9874 4533 2343
3 6249 6733 3586
3 4880 2532 7658
3 6577 5073 2617
3 6976 1624 9530
3 4780 3650 7171
3 4484 395 8814
3 6396 3348 7140
3 6124 55 4958
3 543 1980 3163
3 8292 590 6188
3 5775 8558 2832
3 6809 605 218
3 6515 5519 1458
3 8527 4175 6758
3 6312 9541 9097
3 6142 597 5324
3 5319 2290 9778
3 7988 1657 4525
3 1183 1521 2220
3 3304 6236 8573
3 9971 5401 8011
3 6941 4127 3609
3 5167 3775 5317
3 2650 850 4927
3 5579 6165 2970
3 4008 4393 73
3 5464 3683 4231
3 881 8622 5863
3 6905 3038 744
3 3407 5004 4983
3 7160 9582 7345
3 9160 7021 4460
3 5933 7189 4210
3 6422 8226 7416
3 4467 2275 5086
3 6164 8090 7993
3 4236 1765 7417
3 9986 1087 8118
3 9880 7514 106
3 9446 8401 1532
3 2107 4998 3985
3 228 7452 7467
3 4610 7655 8008
3 3766 7536 7511
3 2489 6243 950
3 1048 925 7999
3 5667 1482 9011
3 5499 7024 4813
3 2513 7839 8660
3 130 3187 1896
3 306 5157 8456
3 8893 4479 8449
3 1746 5898 9577
3 7266 1757 1854
3 8389 1498 1118
3 4371 2044 2039
3 9801 128 5846
3 8158 3614 5959
3 6738 445 1355
3 2100 5001 5034
3 6672 9148 2023
3 1375 1380 7331
3 4360 4543 5697
3 3558 8608 7323
3 4581 4858 3434
3 9137 1606 7302
3 1076 7211 6907
3 7113 3959 4524
3 4664 3055 1410
3 4901 6861 7532
3 7946 3795 551
3 2738 2260 1176
3 4736 4135 3550
3 4072 7256 7833
3 8306 5135 1553
3 5290 7989 7649
4 6104 7428 5764 5348
4 6417 2426 2957 977
4 7240 2251 9568 276
4 3325 2642 9844 2577
4 1722 1422 8631 8041
4 1626 2933 6488 3922
4 1339 3009 5209 4195
4 9722 3739 8213 6902
4 4535 5186 711 5269
4 9437 7029 9521 2357
4 108 3663 1898 8468
4 5657 2887 4911 6447
4 9550 8886 8503 15
4 7218 9072 5183 8998
4 830 4898 5726 4835
4 4962 9777 2812 3881
4 5435 3080 6259 8219
4 6433 8728 9659 2916
4 3159 9469 540 1503
4 2594 7258 7410 1081
4 8703 2443 4889 8895
4 4596 6454 884 234
4 301 1894 9093 7030
4 8222 606 5121 2114
4 674 7878 956 2208
4 9252 4622 5889 9563
4 2139 9630 918 4595
4 8040 9242 6441 2185
4 9305 3006 2190 2622
4 5591 8378 3709 79
4 3563 4332 9735 7899
4 5789 1590 1411 5044
4 3059 6255 4398 2611
4 6594 1205 5362 960
4 8188 1520 9019 8304
4 4172 8260 2259 3703
4 2820 7653 9234 4841
4 2620 4970 62 4807
4 6857 2613 9291 836
4 1215 9409 421 1212
4 1485 1603 9287 6376
4 4021 9100 98 5456
4 2514 3376 9357 9909
4 8590 2645 2782 3755
4 6737 6545 7133 9211
4 4233 4986 7314 7455
4 9700 8983 6122 9754
4 8493 3394 5055 5007
4 4275 2967 4563 5387
4 2758 2870 7361 2826
4 2599 1777 4751 4909
4 1741 1782 7159 720
4 2246 9308 2304 7208
4 6987 4136 5126 380
4 1911 3148 2860 2335
4 9219 4488 6277 5018
4 5420 993 4890 152
4 330 4388 5689 758
4 2984 5872 5713 6414
4 7731 4350 9813 5924
4 1045 257 7630 2056
4 2998 888 3351 9142
4 4313 9512 6869 4366
4 9560 9592 5036 5638
4 7515 9786 3740 6015
4 1934 5941 7375 3939
4 7473 1926 6979 9255
4 6949 9317 9390 6984
4 6154 3039 7384 458
4 6567 7492 3116 4043
4 9744 5433 4686 8202
4 2781 3404 9919 9039
4 2305 1460 9024 5057
4 5856 2669 2137 9016
4 4743 9990 387 3288
4 5281 4683 9776 9870
4 2179 1744 2546 1775
4 2381 5540 3548 9496
4 8516 2827 6144 6562
4 8776 2928 8896 8276
4 7038 5861 2531 2609
4 1650 1583 1591 8208
4 2141 8238 4418 3552
4 5033 2011 7722 7126
4 1368 9886 6771 3111
4 4822 6260 8656 8120
4 4918 8707 5537 9107
4 5443 5181 7448 6896
4 6768 6231 4531 81
4 1095 994 7773 5801
4 394 4659 6232 972
4 4223 3599 2908 9062
4 1534 7087 2054 1897
4 3787 2834 7348 5247
4 2769 3158 3470 5000
4 7650 2811 9547 4895
4 9661 2718 7715 3447
4 2550 6642 5733 1322
4 6967 4347 9049 9457
4 4012 6402 8463 8355
4 4224 3110 4218 6673
4 238 2181 5226 1426
4 3839 1161 834 9054
4 7342 1058 726 2806
4 7457 4625 9132 9611
4 7151 5295 2915 9762
4 4096 8078 1159 2454
4 2156 207 1324 5344
4 3831 3449 3117 7114
4 874 2542 2448 1077
4 5964 6720 7522 4463
4 2803 1713 9944 8224
4 1812 7143 1171 8289
4 2945 6623 1907 737
4 820 995 4843 7509
4 8555 7930 2 9203
4 2284 9227 3678 1096
4 2912 342 1361 3328
4 8716 7745 1971 3834
4 2757 7697 6130 2168
4 8653 7312 2258 6501
4 3908 1772 4246 5028
4 7353 539 3113 7727
4 625 7754 1342 6159
4 864 8111 5857 483
4 4337 8559 3542 6487
4 8066 8165 8067 1873
4 9101 391 224 3637
4 2135 6580 2419 302
4 3847 5944 6679 3200
4 2934 6006 6579 424
4 8391 8515 5005 1979
4 2892 2288 4185 7372
4 9300 4089 9910 6709
4 5878 7660 811 1691
4 3464 7028 6734 1578
4 7829 5094 8598 5116
4 6913 7875 7371 426
4 2151 159 725 3770
4 5238 6743 5507 8625
4 6643 9802 9418 4471
4 2558 5058 1367 3987
4 4632 8789 636 5228
4 190 2082 5542 980
4 1940 83 3681 3209
4 1769 593 6693 7360
4 7620 6197 6028 5430
4 8344 1461 852 6718
4 7036 4603 9429 2920
4 9855 9915 2476 8357
4 2504 9195 748 8890
4 7084 4498 4614 8557
4 7287 4169 3921 9147
4 6151 1117 3423 7164
4 6060 1561 8435 2182
4 9705 8251 5822 4588
4 7764 8715 4244 6010
4 6934 6925 5497 308
4 6865 8670 7929 5885
4 6428 790 5029 1494
4 3115 1120 9485 1334
4 5453 6358 2090 3389
4 1948 6875 1824 2472
4 5066 7480 7981 2427
4 6069 66 8756 6299
4 2046 1807 9399 2366
4 2485 6583 8529 7191
4 3935 9706 272 5619
4 4254 1318 8993 9770
4 3046 6245 4722 702
4 2566 5989 4769 9173
4 9579 4630 6993 4742
4 2940 5559 5881 594
4 7404 821 518 2255
4 8020 9009 137 3069
4 805 8986 1055 8773
4 9321 1673 2673 1867
4 6443 4937 8960 1258
4 6748 5570 1336 2804
4 6599 2341 9127 3784
4 5690 2978 6536 4639
4 7860 4028 3239 1222
4 3927 407 3833 2148
4 5082 6723 628 1565
4 2763 490 5251 9967
4 9639 8000 1567 8412
4 6835 8701 2043 7017
4 2398 9501 4280 746
4 6273 3702 1786 8780
4 2417 8687 9945 3647
4 3713 1908 8209 344
4 7093 6549 357 5422
4 9796 1092 9164 6721
4 6627 3835 3933 7676
4 2848 771 2861 2281
4 3646 5035 6559 4073
4 4126 5253 2192 5833
4 4497 564 8880 5359
4 1236 7563 7850 52
4 4274 8005 5355 704
4 8432 4341 5640 6622
4 676 2049 5447 8094
4 5074 2534 7100 2365
4 6837 8617 5458 7554
4 8166 4491 2538 9150
4 9524 3164 8542 1031
4 9916 3974 8671 5178
4 6701 5561 5171 1327
4 878 5143 2346 6996
4 3878 6538 3648 4117
4 8925 385 1283 4641
4 2515 2679 5776 1892
4 8541 203 1864 9950
4 3359 4090 2590 9082
4 161 5208 5125 1316
4 19 3659 9326 3290
4 9761 4910 9551 4756
4 8457 8030 7607 5749
4 7163 8634 2995 5586
4 9398 3496 9191 8081
4 8233 7040 6550 8404
4 2142 1621 245 975
4 6347 1489 117 3077
4 5817 4863 8788 8771
4 199 8860 5027 3771
4 1816 8422 1509 2445
4 3346 1607 5699 5646
4 9617 4522 1647 5316
4 4766 759 3465 4782
4 1331 7671 461 8902
4 8461 6170 9117 631
4 8846 1363 1579 9441
4 7462 2717 1272 2084
4 3176 1806 7777 7755
4 4176 1587 120 1198
4 5946 7294 4415 3601
4 6090 3543 2539 286
4 5201 2376 3861 7690
4 7978 1069 6078 1233
4 3753 7011 2007 2420
4 4145 9921 2517 683
4 4472 9664 6251 9900
4 5412 4018 8006 1194
4 171 4645 34 617
4 3963 1737 5985 157
4 7147 3256 8035 7091
4 2765 8490 6826 1811
4 5284 3172 9713 992
4 1309 6342 7919 8353
4 8805 9372 9449 624
4 8609 6955 7556 969
4 375 2276 3045 8879
4 1457 3945 4520 9703
4 1602 2429 174 4034
4 3913 2256 5377 1433
4 3403 989 5753 8530
4 5666 4838 2921 5862
4 4265 6038 3178 2533
4 6205 9415 7641 3202
4 2519 3123 6361 4290
4 8359 1559 7974 2421
4 1080 6150 2289 2822
4 8730 5821 6305 7558
4 8065 1963 1495 7237
4 2437 1172 2035 8630
4 1993 7757 9637 4661
4 2286 8832 6969 9993
4 9103 9599 8876 6924
4 7152 9092 8581 446
4 7059 1961 5516 8991
4 208 39 8105 6850
4 5465 8667 3747 8572
4 2273 4710 9331 8487
4 6001 9053 6143 5630
4 1857 6203 4119 192
4 1409 3695 5709 5620
4 2463 7890 8774 5448
4 8643 938 9392 9620
4 9708 6204 3091 9594
4 4362 6240 6953 6795
4 8881 7534 7071 4061
4 3026 3853 4286 4688
4 1070 6502 4753 6462
4 3984 5198 6371 1379
4 7553 2745 8057 9004
4 5495 4884 8552 802
4 4298 8619 5498 7943
4 2362 7506 1011 8868
4 4824 2312 5278 1084
4 8848 9902 7609 8145
4 9644 670 1350 4872
4 8645 5437 8206 5222
4 1303 7450 829 8138
4 9385 8628 7432 9179
4 2582 3459 2017 5782
4 5109 6408 9821 5500
4 8752 7311 5357 2146
4 1687 1885 521 254
4 9344 6655 1186 5177
4 3549 7158 1313 2098
4 4328 1129 311 8433
4 7444 8441 5546 1220
4 5313 1821 8483 7758
4 6653 1577 5405 7434
4 8146 4149 9238 1308
4 3035 7352 9580 6375
4 8942 781 4697 6669
4 8958 1329 8522 8969
4 2839 5152 7525 576
4 2010 6254 9626 243
4 4731 1477 1015 9584
4 6819 1016 4779 8241
4 2818 1795 6368 5339
4 1943 9702 5483 3445
4 1132 5452 7451 2176
4 1394 2872 6411 4151
4 1027 5532 3074 2439
4 9655 9646 1175 1153
4 2226 3114 4154 5490
4 4305 8517 2875 614
4 5936 4638 3286 7223
4 8338 5804 7894 9474
4 901 8299 2789 8946
4 3350 5875 7293 9690
4 8312 8938 3326 2512
4 1700 2651 7527 2654
4 3189 9752 2199 6036
4 2535 5747 4301 9515
4 9113 3285 5928 5032
4 8046 1616 4179 3750
4 8150 2167 5426 1155
4 4673 7998 1486 3484
4 580 6700 8453 7018
4 6571 5459 3634 1783
4 507 5916 291 2111
4 277 3241 4594 5008
4 1667 8779 6794 4304
4 9145 7364 6050 6089
4 9280 498 4157 2391
4 8693 4677 3201 4715
4 253 8764 6546 454
4 1661 7446 6410 1614
4 765 9903 2175 8294
4 9837 6044 3564 824
4 7209 5350 6591 3990
4 1836 3893 2678 4847
4 842 3380 1972 4897
4 6212 5573 3245 9609
4 275 193 487 5030
4 7391 6315 2695 7439
4 9849 7932 3730 635
4 2852 6466 4160 8544
4 3857 4434 9623 656
4 3194 1075 7215 2228
4 6228 7102 5867 6779
4 4381 5696 6892 5678
4 6765 317 1164 8476
4 2301 3960 2561 8245
4 3106 7497 3467 8089
4 6196 2117 5987 5965
4 7357 4810 7002 7820
4 65 3412 4302 9169
4 538 8808 3562 4724
4 5105 1677 9851 8386
4 2869 8064 2386 9105
4 4592 4079 4590 3294
4 2800 8525 2536 4137
4 5714 3951 795 229
4 5142 2371 3287 1719
4 5403 6893 2088 5170
4 2883 7586 4056 6843
4 9725 2741 2682 3675
4 9845 804 9782 7772
4 2327 5655 1013 3849
4 50 7858 5328 8874
4 4740 4930 6418 3416
4 1107 9875 4855 914
4 160 3957 9976 7953
4 3352 6183 4220 4427
4 5216 7521 569 3088
4 7975 9674 9899 1133
4 3836 4894 3119 6239
4 3743 3224 7566 6285
4 2776 8109 7796 5243
4 1974 1716 2385 3338
4 4851 196 7629 5404
4 3402 8365 6131 42
4 3877 1964 5419 5967
4 239 3909 3593 5132
4 5068 9480 6348 3145
4 6895 4368 9292 2520
4 2759 3513 3483 5366
4 150 3612 1296 9983
4 1209 9953 2676 6855
4 6820 4860 3307 9565
4 899 6560 7813 2977
4 8329 6676 5444 1146
4 3135 5840 999 2837
4 9163 4148 7202 7288
4 1627 8026 6576 206
4 6198 4054 3406 9675
4 2029 9354 102 6234
4 7513 8988 247 6313
4 5285 2066 5711 7132
4 7120 7889 6951 8676
4 1663 1969 1487 4916
4 6168 1933 4052 9490
4 4068 6532 4057 9138
4 1454 4020 8325 7437
4 2310 2216 7751 5077
4 363 5365 5261 7739
4 6483 129 4681 382
4 610 3360 2784 6853
4 5234 3237 1888 107
4 8256 7877 5966 4023
4 4704 1872 6261 46
4 6617 3903 3457 9597
4 1615 6511 2750 3370
4 9907 8372 8684 1623
4 2694 8759 9038 4961
4 1632 9731 2009 9694
4 9958 288 1293 8768
4 5731 4971 7735 4714
4 4494 7666 6020 5123
4 4695 8924 3640 1333
4 116 7748 6830 1919
4 1895 6615 556 425
4 3717 5240 4437 8173
4 3524 6563 300 6026
4 1580 1572 2375 2249
4 2480 3928 4586 2471
4 170 4391 7101 6889
4 946 9177 932 646
4 4505 3269 355 9553
4 5080 5414 6678 6193
4 3322 3367 96 583
4 7597 2150 2140 2565
4 1950 9827 5533 8331
4 5842 4282 7185 2773
4 8192 8918 5418 3812
4 6148 3064 8543 9954
4 7941 7227 2683 8850
4 6635 9068 3144 653
4 4755 5329 5002 7508
4 5803 2941 2724 8766
4 6699 5774 751 4076
4 7706 2833 2691 886
4 8692 6460 6816 419
4 5039 7526 1037 8093
4 887 2474 4848 7540
4 5133 3578 4078 6162
4 6588 9787 1589 3005
4 3166 6333 9779 4504
4 1502 2097 533 4946
4 9719 1692 6636 8385
4 8317 2766 1725 5502
4 4544 736 167 8686
4 8813 6057 2159 4431
4 9740 788 6105 857
4 2442 8838 8122 3289
4 9803 943 9586 9757
4 7224 1693 9045 6845
4 8471 1840 5993 113
4 7403 1978 3242 8992
4 2614 4225 8804 8770
4 7952 4845 5594 305
4 5474 6878 5071 1913
4 8059 7836 2431 3734
4 4428 5195 6930 6439
4 2053 4409 8393 3347
4 5092 4441 6380 9087
4 649 780 7161 3002
4 4587 1962 2119 698
4 7148 2411 3569 2326
4 7131 6832 178 9962
4 8584 6813 577 4038
4 4795 2787 673 9432
4 6524 1359 2045 3626
4 2975 3081 8570 5596
4 5203 2126 9676 4712
4 8961 1043 3590 8953
4 1126 3691 1690 6775
4 3061 2061 8459 7381
4 2434 5397 8835 7078
4 9026 4585 5815 4559
4 3638 5275 6589 8117
4 158 3437 3907 1102
4 7933 8314 9846 8494
4 5836 8397 6674 8234
4 5457 5330 5914 2863
4 4219 2393 3284 1883
4 4752 2180 8388 5150
4 7770 7289 6484 586
4 7578 7435 7339 2203
4 4242 7797 2194 5374
4 7997 5565 5724 2775
4 4044 8944 4584 4646
4 4854 379 6557 5517
4 6068 9060 1311 1082
4 4507 4215 1448 9183
4 6272 2211 662 6013
4 6158 2677 4278 671
4 4432 8927 4892 1756
4 309 5215 6521 9601
4 2749 3685 630 6431
4 8047 4574 9542 601
4 5626 8803 3479 2144
4 5809 361 4158 310
4 1288 6569 1683 5268
4 5948 3468 6072 9912
4 3780 8677 3995 8308
4 7806 3924 2725 5127
4 1767 307 183 2348
4 1564 5639 906 5138
4 2444 2325 3997 1003
4 8859 7592 1740 6137
4 687 1173 6541 7817
4 8743 7729 3405 6216
4 6900 4616 2754 4026
4 4217 3603 2567 5449
4 3633 9829 7464 1552
4 3317 6073 3591 7020
4 9647 9303 5151 941
4 2455 2497 7064 844
4 5734 6629 4532 5434
4 2394 6929 5022 2172
4 7317 5200 7595 6424
4 1395 9683 7341 4440
4 5347 5340 2467 153
4 9891 8520 9306 5217
4 4793 2802 3523 1085
4 7523 6364 3521 1814
4 686 408 9050 6986
4 893 5943 8469 3886
4 466 3222 4310 5869
4 9618 8201 3732 8976
4 7128 5246 4837 440
4 1965 1699 2798 6994
4 1801 8939 4716 4612
4 7967 3012 2252 8908
4 435 4083 1706 1726
4 3940 3705 592 4950
4 822 4508 8620 6596
4 9276 9810 3816 4255
4 813 996 2850 4964
4 1788 1400 9311 2355
4 6114 3460 8479 5373
4 4446 3507 7269 2095
4 2774 9442 8812 8321
4 5578 8324 3756 6128
4 6300 2423 7880 9141
4 4190 1444 2668 5622
4 3801 9673 6354 5740
4 5210 8434 8829 7884
4 1560 6118 7103 2036
4 3283 3956 4293 5052
4 2395 3444 591 6369
4 9259 6507 9089 1676
4 31 3689 7065 4689
4 8153 6360 6592 7429
4 370 6362 8839 9780
4 2499 1204 244 8866
4 2731 3481 8281 9610
4 4156 6463 3848 4410
4 1195 5590 2064 6551
4 2121 9489 2842 9277
4 8051 8840 2057 6252
4 2638 1533 2966 5877
4 2136 7670 9947 7887
4 8037 7824 6093 5974
4 8712 6007 2846 5484
4 2013 4800 6109 2321
4 4732 4013 5487 2353
4 2578 7275 912 1078
4 2161 9414 2005 6808
4 2115 879 1197 9355
4 3234 7851 9055 9509
4 4994 6952 3477 1555
4 2435 4385 3373 500
4 4988 6918 4339 5013
4 3501 322 9622 7481
4 4077 4164 7626 8137
4 659 4201 2233 8
4 1138 2958 9727 2042
4 9118 4184 8334 6097
